1 -3.403679 3.337737 0.000000 -2.048300
2 -3.038689 3.355137 0.000000 -0.404390
3 -2.660959 3.339237 0.000000 0.780480
4 -2.289765 3.350937 0.000000 0.401040
5 -1.917309 3.349637 0.000000 0.994430
6 -1.545359 3.354137 0.000000 1.856000
7 -1.174879 3.357237 0.000000 1.899800
8 -0.801679 3.365737 0.000000 1.788700
9 -0.429479 3.375937 0.000000 2.965300
10 -0.055879 3.397337 0.000000 4.224500
11 -3.397479 2.992437 0.000000 -0.342670
12 -3.033629 2.985137 0.000000 0.229850
13 -2.657269 2.982737 0.000000 0.291100
14 -2.284090 2.984937 0.000000 1.012200
15 -1.912099 2.983637 0.000000 0.697740
16 -1.539099 2.987437 0.000000 0.791860
17 -1.167079 2.991037 0.000000 1.076500
18 -0.791879 2.999537 0.000000 1.437700
19 -0.417279 3.008537 0.000000 1.670600
20 -0.044279 3.026237 0.000000 3.046600
21 -3.396879 2.615497 0.000000 -0.762530
22 -3.023939 2.608047 0.000000 -0.762540
23 -2.651149 2.606497 0.000000 0.611530
24 -2.278577 2.608507 0.000000 0.549020
25 -1.907039 2.611487 0.000000 0.187720
26 -1.533949 2.614507 0.000000 0.878890
27 -1.159979 2.617257 0.000000 1.004500
28 -0.784979 2.624347 0.000000 1.166200
29 -0.408679 2.634867 0.000000 1.558100
30 -0.045979 2.643167 0.000000 2.361400
31 -3.396779 2.241597 0.000000 -0.313750
32 -3.022359 2.238367 0.000000 -0.282190
33 -2.647609 2.236507 0.000000 0.380780
34 -2.274610 2.238067 0.000000 0.561890
35 -1.903319 2.233237 0.000000 0.444130
36 -1.531699 2.237887 0.000000 0.411470
37 -1.156079 2.241337 0.000000 0.549620
38 -0.782279 2.245467 0.000000 0.827050
39 -0.411179 2.251837 0.000000 1.430800
40 -0.038279 2.262227 0.000000 1.921800
41 -3.392279 1.865268 0.000000 -0.190900
42 -3.018019 1.862712 0.000000 0.519620
43 -2.643699 1.864030 0.000000 0.562860
44 -2.269079 1.867737 0.000000 -0.006632
45 -1.899259 1.860302 0.000000 0.557690
46 -1.524969 1.862896 0.000000 0.626420
47 -1.151279 1.862930 0.000000 0.940920
48 -0.776879 1.866726 0.000000 1.174900
49 -0.401479 1.876415 0.000000 1.670200
50 -0.030179 1.882538 0.000000 1.344600
51 -3.387479 1.486417 0.000000 0.070029
52 -3.013849 1.488847 0.000000 -0.015170
53 -2.639029 1.489337 0.000000 0.590870
54 -2.266213 1.489027 0.000000 1.024700
55 -1.893469 1.485477 0.000000 0.503950
56 -1.520179 1.486837 0.000000 1.111200
57 -1.144979 1.487427 0.000000 0.642180
58 -0.770379 1.492997 0.000000 1.068000
59 -0.395279 1.499527 0.000000 1.355800
60 -0.022179 1.510847 0.000000 1.834800
61 -3.384879 1.106757 0.000000 -0.416380
62 -3.011179 1.109637 0.000000 0.143890
63 -2.636209 1.110367 0.000000 0.191140
64 -2.264815 1.107717 0.000000 0.572040
65 -1.887679 1.105207 0.000000 0.725140
66 -1.513239 1.105267 0.000000 0.593120
67 -1.140679 1.110107 0.000000 0.855790
68 -0.764479 1.115557 0.000000 0.841510
69 -0.389779 1.121667 0.000000 1.090300
70 -0.015279 1.128457 0.000000 1.240900
71 -3.382279 0.726937 0.000000 -1.708600
72 -3.009759 0.728937 0.000000 -0.699360
73 -2.636329 0.727037 0.000000 -0.161730
74 -2.260564 0.725137 0.000000 0.650670
75 -1.883739 0.724937 0.000000 0.691270
76 -1.509739 0.725837 0.000000 0.339170
77 -1.137279 0.728237 0.000000 0.643880
78 -0.761379 0.731137 0.000000 0.711420
79 -0.388379 0.738737 0.000000 1.269700
80 -0.016179 0.745137 0.000000 1.895500
81 -3.386279 0.349137 0.000000 -1.201200
82 -3.012879 0.348837 0.000000 -0.772500
83 -2.635109 0.345537 0.000000 -0.114930
84 -2.257794 0.342437 0.000000 0.571240
85 -1.881059 0.343137 0.000000 0.478990
86 -1.505079 0.346537 0.000000 0.588490
87 -1.127579 0.350237 0.000000 1.398400
88 -0.749979 0.356437 0.000000 1.115900
89 -0.375279 0.365437 0.000000 1.695300
90 -0.000179 0.377137 0.000000 2.329800
91 -3.395079 -0.016463 0.000000 -1.419800
92 -3.018409 -0.027063 0.000000 -0.541050
93 -2.637579 -0.031663 0.000000 0.065664
94 -2.259022 -0.034363 0.000000 -0.318170
95 -1.878489 -0.034563 0.000000 0.318520
96 -1.501229 -0.031163 0.000000 0.543280
97 -1.120379 -0.025363 0.000000 1.021700
98 -0.740179 -0.019963 0.000000 1.408900
99 -0.363279 -0.011963 0.000000 1.748200
100 0.011821 -0.001063 0.000000 2.367000
