1 -0.000218 3.368013 0.000000 -2.048300
2 0.364772 3.385413 0.000000 -0.404390
3 0.742502 3.369513 0.000000 0.780480
4 1.113696 3.381213 0.000000 0.401040
5 1.486152 3.379913 0.000000 0.994430
6 1.858102 3.384413 0.000000 1.856000
7 2.228582 3.387513 0.000000 1.899800
8 2.601782 3.396013 0.000000 1.788700
9 2.973982 3.406213 0.000000 2.965300
10 3.347582 3.427613 0.000000 4.224500
11 0.005982 3.022713 0.000000 -0.342670
12 0.369832 3.015413 0.000000 0.229850
13 0.746192 3.013013 0.000000 0.291100
14 1.119371 3.015213 0.000000 1.012200
15 1.491362 3.013913 0.000000 0.697740
16 1.864362 3.017713 0.000000 0.791860
17 2.236382 3.021313 0.000000 1.076500
18 2.611582 3.029813 0.000000 1.437700
19 2.986182 3.038813 0.000000 1.670600
20 3.359182 3.056513 0.000000 3.046600
21 0.006582 2.645773 0.000000 -0.762530
22 0.379522 2.638323 0.000000 -0.762540
23 0.752312 2.636773 0.000000 0.611530
24 1.124884 2.638783 0.000000 0.549020
25 1.496422 2.641763 0.000000 0.187720
26 1.869512 2.644783 0.000000 0.878890
27 2.243482 2.647533 0.000000 1.004500
28 2.618482 2.654623 0.000000 1.166200
29 2.994782 2.665143 0.000000 1.558100
30 3.357482 2.673443 0.000000 2.361400
31 0.006682 2.271873 0.000000 -0.313750
32 0.381102 2.268643 0.000000 -0.282190
33 0.755852 2.266783 0.000000 0.380780
34 1.128851 2.268343 0.000000 0.561890
35 1.500142 2.263513 0.000000 0.444130
36 1.871762 2.268163 0.000000 0.411470
37 2.247382 2.271613 0.000000 0.549620
38 2.621182 2.275743 0.000000 0.827050
39 2.992282 2.282113 0.000000 1.430800
40 3.365182 2.292503 0.000000 1.921800
41 0.011182 1.895544 0.000000 -0.190900
42 0.385442 1.892988 0.000000 0.519620
43 0.759762 1.894306 0.000000 0.562860
44 1.134382 1.898013 0.000000 -0.006632
45 1.504202 1.890578 0.000000 0.557690
46 1.878492 1.893172 0.000000 0.626420
47 2.252182 1.893206 0.000000 0.940920
48 2.626582 1.897002 0.000000 1.174900
49 3.001982 1.906691 0.000000 1.670200
50 3.373282 1.912814 0.000000 1.344600
51 0.015982 1.516693 0.000000 0.070029
52 0.389612 1.519123 0.000000 -0.015170
53 0.764432 1.519613 0.000000 0.590870
54 1.137248 1.519303 0.000000 1.024700
55 1.509992 1.515753 0.000000 0.503950
56 1.883282 1.517113 0.000000 1.111200
57 2.258482 1.517703 0.000000 0.642180
58 2.633082 1.523273 0.000000 1.068000
59 3.008182 1.529803 0.000000 1.355800
60 3.381282 1.541123 0.000000 1.834800
61 0.018582 1.137033 0.000000 -0.416380
62 0.392282 1.139913 0.000000 0.143890
63 0.767252 1.140643 0.000000 0.191140
64 1.138646 1.137993 0.000000 0.572040
65 1.515782 1.135483 0.000000 0.725140
66 1.890222 1.135543 0.000000 0.593120
67 2.262782 1.140383 0.000000 0.855790
68 2.638982 1.145833 0.000000 0.841510
69 3.013682 1.151943 0.000000 1.090300
70 3.388182 1.158733 0.000000 1.240900
71 0.021182 0.757213 0.000000 -1.708600
72 0.393702 0.759213 0.000000 -0.699360
73 0.767132 0.757313 0.000000 -0.161730
74 1.142897 0.755413 0.000000 0.650670
75 1.519722 0.755213 0.000000 0.691270
76 1.893722 0.756113 0.000000 0.339170
77 2.266182 0.758513 0.000000 0.643880
78 2.642082 0.761413 0.000000 0.711420
79 3.015082 0.769013 0.000000 1.269700
80 3.387282 0.775413 0.000000 1.895500
81 0.017182 0.379413 0.000000 -1.201200
82 0.390582 0.379113 0.000000 -0.772500
83 0.768352 0.375813 0.000000 -0.114930
84 1.145667 0.372713 0.000000 0.571240
85 1.522402 0.373413 0.000000 0.478990
86 1.898382 0.376813 0.000000 0.588490
87 2.275882 0.380513 0.000000 1.398400
88 2.653482 0.386713 0.000000 1.115900
89 3.028182 0.395713 0.000000 1.695300
90 3.403282 0.407413 0.000000 2.329800
91 0.008382 0.013813 0.000000 -1.419800
92 0.385052 0.003213 0.000000 -0.541050
93 0.765882 -0.001387 0.000000 0.065664
94 1.144439 -0.004087 0.000000 -0.318170
95 1.524972 -0.004287 0.000000 0.318520
96 1.902232 -0.000887 0.000000 0.543280
97 2.283082 0.004913 0.000000 1.021700
98 2.663282 0.010313 0.000000 1.408900
99 3.040182 0.018313 0.000000 1.748200
100 3.415282 0.029213 0.000000 2.367000
