44 0.999318 0.681094 0.000000 -5.000000
45 1.4202400 0.688722 0.000000 0.000000
46 1.779662 0.721147 0.000000 0.000000
47 2.177797 0.678435 0.000000 0.000000
48 2.536118 0.689296 0.000000 0.000000
49 2.9300180 0.6674835 0.000000 0.000000
50 3.260724 0.695093 0.000000 0.000000
64 1.039132 -0.107213 0.000000 0.000000
55 1.4308190 0.2483897 0.000000 0.000000
56 1.803550 0.336039 0.000000 0.000000
57 2.185760 0.320114 0.000000 0.000000
58 2.5531280 0.2680472 0.000000 0.000000
59 2.9306380 0.2981125 0.000000 0.000000
60 3.268686 0.320846 0.000000 0.000000
54 1.0623206 0.2359071 0.000000 0.000000
65 1.4313980 -0.07835916373 0.000000 0.000000
66 1.788420 -0.0783696313 0.000000 0.000000
67 2.1860980 -0.078297817 0.000000 0.000000
68 2.5637180 -0.0781797272 0.000000 0.000000
69 2.9311880 -0.0780916661 0.000000 0.000000
70 3.300537 -0.08377289 0.000000 0.000000
74 1.063020 -0.449609 0.000000 0.000000
75 1.4317920 -0.4676643 0.000000 0.000000
76 1.803550 -0.460231 0.000000 0.000000
77 2.163294 -0.450210 0.000000 0.000000
78 2.5340280 -0.4575714 0.000000 0.000000
79 2.9313280 -0.4574954 0.000000 0.000000
80 3.309439 -0.467006 0.000000 0.000000
84 1.047094 -0.831818 0.000000 0.000000
85 1.4320600 -0.858443 0.000000 0.000000
86 1.803550 -0.818552 0.000000 0.000000
87 2.155384 -0.821964 0.000000 0.000000
88 2.529084 -0.806138 0.000000 0.000000
89 2.938404 -0.81798228 0.000000 -5.000000
90 3.2579480 -0.817857782 0.000000 0.000000
94 1.078945 -1.208624 0.000000 0.000000
95 1.437266 -1.200761 0.000000 0.000000
96 1.819476 -1.200761 0.000000 0.000000
97 2.155384 -1.225357 0.000000 0.000000
98 2.561480 -1.2530824 0.000000 0.000000
99 2.938380 -1.230024 0.000000 0.000000
100 3.286424 -1.177887 0.000000 0.000000
